001|08/01/2018|894|825
002|08/01/2018|1113|1044
003|08/01/2018|1332|1263
004|08/01/2018|1281|1212
005|08/01/2018|1284|1215
006|08/01/2018|1074|1005
007|08/01/2018|1425|1356
010|08/01/2018|1320|1251
012|08/01/2018|945|876
013|08/01/2018|1671|1602
014|08/01/2018|990|921
015|08/01/2018|1398|1329
016|08/01/2018|1110|1041
018|08/01/2018|3465|3396
019|08/01/2018|4398|4329
021|08/01/2018|1002|933
022|08/01/2018|1569|1500
023|08/01/2018|1308|1239
024|08/01/2018|2547|2478
025|08/01/2018|2472|2403
026|08/01/2018|2088|2019
027|08/01/2018|3012|2943
028|08/01/2018|1332|1263
031|08/01/2018|2106|2037
032|08/01/2018|936|867
033|08/01/2018|2157|2088
034|08/01/2018|2190|2121
035|08/01/2018|1749|1680
036|08/01/2018|2556|2487
037|08/01/2018|2997|2928
038|08/01/2018|2601|2532
039|08/01/2018|2541|2472
041|08/01/2018|2136|2067
042|08/01/2018|1251|1182
044|08/01/2018|3828|3759
045|08/01/2018|2151|2082
046|08/01/2018|1710|1641
047|08/01/2018|1776|1707
049|08/01/2018|1617|1548
050|08/01/2018|1812|1743
051|08/01/2018|2853|2784
053|08/01/2018|2436|2367
054|08/01/2018|1740|1671
056|08/01/2018|1476|1407
057|08/01/2018|1515|1446
058|08/01/2018|1545|1476
059|08/01/2018|1671|1602
061|08/01/2018|2430|2361
062|08/01/2018|1803|1734
063|08/01/2018|1461|1392
064|08/01/2018|1392|1323
065|08/01/2018|1311|1242
066|08/01/2018|2028|1959
067|08/01/2018|2181|2112
068|08/01/2018|1590|1521
069|08/01/2018|2850|2781
070|08/01/2018|1626|1557
071|08/01/2018|1785|1716
072|08/01/2018|1011|942
073|08/01/2018|1362|1293
074|08/01/2018|1359|1290
075|08/01/2018|1365|1296
076|08/01/2018|1263|1194
077|08/01/2018|1686|1617
079|08/01/2018|1422|1353
080|08/01/2018|1515|1446
081|08/01/2018|1191|1122
082|08/01/2018|1509|1440
084|08/01/2018|1164|1095
086|08/01/2018|1008|939
088|08/01/2018|1092|1023
089|08/01/2018|1656|1587
090|08/01/2018|1224|1155
092|08/01/2018|1746|1677
093|08/01/2018|1254|1185
094|08/01/2018|1491|1422
097|08/01/2018|1134|1065
100|08/01/2018|1167|1098
101|08/01/2018|1155|1086
102|08/01/2018|1329|1260
105|08/01/2018|1167|1098
106|08/01/2018|1332|1263
107|08/01/2018|1266|1197
109|08/01/2018|1560|1491
110|08/01/2018|963|894
113|08/01/2018|1155|1086
114|08/01/2018|1452|1383
115|08/01/2018|1005|936
116|08/01/2018|1497|1428
117|08/01/2018|1404|1335
118|08/01/2018|1281|1212
119|08/01/2018|3090|3021
120|08/01/2018|3075|3006
122|08/01/2018|1929|1860
123|08/01/2018|2073|2004
124|08/01/2018|2232|2163
125|08/01/2018|2472|2403
126|08/01/2018|1812|1743
127|08/01/2018|1716|1647
128|08/01/2018|2154|2085
129|08/01/2018|2250|2181
130|08/01/2018|1908|1839
133|08/01/2018|2298|2229
134|08/01/2018|2241|2172
135|08/01/2018|1758|1689
136|08/01/2018|1500|1431
139|08/01/2018|1923|1854
141|08/01/2018|1569|1500
142|08/01/2018|1794|1725
143|08/01/2018|1302|1233
145|08/01/2018|1113|1044
146|08/01/2018|1461|1392
148|08/01/2018|1491|1422
151|08/01/2018|2697|2628
152|08/01/2018|1275|1206
153|08/01/2018|1473|1404
154|08/01/2018|1326|1257
155|08/01/2018|1959|1890
156|08/01/2018|1098|1029
158|08/01/2018|1455|1386
159|08/01/2018|1716|1647
160|08/01/2018|1539|1470
161|08/01/2018|1506|1437
162|08/01/2018|1077|1008
163|08/01/2018|984|915
164|08/01/2018|930|861
165|08/01/2018|1218|1149
168|08/01/2018|1188|1119
169|08/01/2018|1107|1038
170|08/01/2018|1356|1287
171|08/01/2018|1068|999
172|08/01/2018|1089|1020
175|08/01/2018|1008|939
176|08/01/2018|1449|1380
177|08/01/2018|1197|1128
178|08/01/2018|1128|1059
179|08/01/2018|1632|1563
180|08/01/2018|1554|1485
181|08/01/2018|1563|1494
182|08/01/2018|1260|1191
183|08/01/2018|1071|1002
184|08/01/2018|1233|1164
185|08/01/2018|1650|1581
186|08/01/2018|1425|1356
187|08/01/2018|1653|1584
188|08/01/2018|1308|1239
189|08/01/2018|1254|1185
190|08/01/2018|1428|1359
191|08/01/2018|1317|1248
192|08/01/2018|1383|1314
193|08/01/2018|1197|1128
194|08/01/2018|1962|1893
195|08/01/2018|2127|2058
196|08/01/2018|1728|1659
198|08/01/2018|1668|1599
200|08/01/2018|2640|2571
201|08/01/2018|2205|2136
202|08/01/2018|2637|2568
203|08/01/2018|2157|2088
204|08/01/2018|1998|1929
205|08/01/2018|1062|993
206|08/01/2018|1488|1419
207|08/01/2018|1134|1065
209|08/01/2018|1194|1125
210|08/01/2018|1449|1380
211|08/01/2018|1089|1020
212|08/01/2018|1569|1500
213|08/01/2018|1581|1512
215|08/01/2018|2058|1989
216|08/01/2018|1887|1818
217|08/01/2018|2412|2343
218|08/01/2018|3354|3285
219|08/01/2018|3738|3669
221|08/01/2018|1509|1440
222|08/01/2018|1500|1431
223|08/01/2018|1398|1329
225|08/01/2018|1446|1377
227|08/01/2018|1311|1242
228|08/01/2018|1761|1692
229|08/01/2018|1548|1479
230|08/01/2018|1188|1119
231|08/01/2018|1149|1080
232|08/01/2018|1566|1497
233|08/01/2018|1101|1032
235|08/01/2018|864|795
236|08/01/2018|1128|1059
237|08/01/2018|1053|984
239|08/01/2018|1383|1314
240|08/01/2018|1170|1101
241|08/01/2018|1383|1314
242|08/01/2018|1170|1101
243|08/01/2018|2262|2193
244|08/01/2018|1446|1377
245|08/01/2018|1428|1359
246|08/01/2018|1395|1326
247|08/01/2018|1527|1458
248|08/01/2018|2019|1950
249|08/01/2018|2247|2178
250|08/01/2018|1920|1851
252|08/01/2018|1428|1359
253|08/01/2018|1182|1113
254|08/01/2018|1434|1365
255|08/01/2018|1689|1620
256|08/01/2018|1845|1776
257|08/01/2018|1926|1857
258|08/01/2018|1692|1623
259|08/01/2018|1695|1626
260|08/01/2018|1539|1470
261|08/01/2018|1410|1341
262|08/01/2018|1389|1320
263|08/01/2018|1092|1023
264|08/01/2018|1311|1242
265|08/01/2018|1248|1179
266|08/01/2018|1413|1344
267|08/01/2018|1329|1260
268|08/01/2018|1467|1398
269|08/01/2018|2121|2052
270|08/01/2018|1173|1104
272|08/01/2018|1764|1695
273|08/01/2018|1560|1491
274|08/01/2018|1245|1176
275|08/01/2018|1578|1509
277|08/01/2018|1998|1929
278|08/01/2018|984|915
279|08/01/2018|1389|1320
281|08/01/2018|1197|1128
282|08/01/2018|1707|1638
283|08/01/2018|1131|1062
284|08/01/2018|1275|1206
285|08/01/2018|1848|1779
286|08/01/2018|1155|1086
288|08/01/2018|1188|1119
291|08/01/2018|1299|1230
292|08/01/2018|1605|1536
295|08/01/2018|1602|1533
296|08/01/2018|1833|1764
297|08/01/2018|1506|1437
298|08/01/2018|1587|1518
301|08/01/2018|1452|1383
302|08/01/2018|2256|2187
303|08/01/2018|1095|1026
305|08/01/2018|2028|1959
306|08/01/2018|1887|1818
307|08/01/2018|2172|2103
308|08/01/2018|1296|1227
309|08/01/2018|2574|2505
310|08/01/2018|1326|1257
311|08/01/2018|1893|1824
312|08/01/2018|1428|1359
313|08/01/2018|1185|1116
316|08/01/2018|1650|1581
317|08/01/2018|1773|1704
318|08/01/2018|1059|990
320|08/01/2018|1293|1224
322|08/01/2018|1404|1335
323|08/01/2018|1233|1164
324|08/01/2018|1200|1131
325|08/01/2018|1998|1929
326|08/01/2018|1365|1296
335|08/01/2018|1086|1017
338|08/01/2018|1104|1035
339|08/01/2018|1011|942
344|08/01/2018|948|879
347|08/01/2018|1068|999
349|08/01/2018|3162|3093
353|08/01/2018|996|927
356|08/01/2018|1866|1797
357|08/01/2018|1449|1380
359|08/01/2018|972|903
362|08/01/2018|1293|1224
368|08/01/2018|1821|1752
370|08/01/2018|1767|1698
371|08/01/2018|1047|978
377|08/01/2018|2778|2709
383|08/01/2018|915|846
390|08/01/2018|1275|1206
392|08/01/2018|2004|1935
393|08/01/2018|1146|1077
399|08/01/2018|1227|1158
400|08/01/2018|2070|2001
401|08/01/2018|2406|2337
402|08/01/2018|2457|2388
403|08/01/2018|2379|2310
404|08/01/2018|2202|2133
405|08/01/2018|1938|1869
407|08/01/2018|2343|2274
408|08/01/2018|2814|2745
409|08/01/2018|2076|2007
411|08/01/2018|1179|1110
413|08/01/2018|2793|2724
414|08/01/2018|2121|2052
415|08/01/2018|1173|1104
420|08/01/2018|1200|1131
422|08/01/2018|2007|1938
423|08/01/2018|1650|1581
424|08/01/2018|1734|1665
430|08/01/2018|1092|1023
432|08/01/2018|1332|1263
454|08/01/2018|1347|1278
457|08/01/2018|1626|1557
458|08/01/2018|1746|1677
499|08/01/2018|1719|1650
530|08/01/2018|1122|1053
540|08/01/2018|1146|1077
550|08/01/2018|1170|1101
560|08/01/2018|1194|1125
570|08/01/2018|1221|1152
580|08/01/2018|1245|1176
590|08/01/2018|1269|1200
600|08/01/2018|1296|1227
610|08/01/2018|1320|1251
620|08/01/2018|1344|1275
630|08/01/2018|1368|1299
640|08/01/2018|1395|1326
650|08/01/2018|1419|1350
660|08/01/2018|1443|1374
670|08/01/2018|1467|1398
680|08/01/2018|1494|1425
690|08/01/2018|1518|1449
700|08/01/2018|1542|1473
710|08/01/2018|1566|1497
720|08/01/2018|1593|1524
730|08/01/2018|1617|1548
740|08/01/2018|1641|1572
750|08/01/2018|1668|1599
760|08/01/2018|1692|1623
770|08/01/2018|1716|1647
780|08/01/2018|1740|1671
790|08/01/2018|1767|1698
800|08/01/2018|1791|1722
810|08/01/2018|1815|1746
820|08/01/2018|1839|1770
830|08/01/2018|1866|1797
840|08/01/2018|1890|1821
850|08/01/2018|1914|1845
860|08/01/2018|1938|1869
870|08/01/2018|1965|1896
880|08/01/2018|1989|1920
890|08/01/2018|2013|1944
891|08/01/2018|1556|1556
892|08/01/2018|2450|2450
893|08/01/2018|1725|1725
894|08/01/2018|1278|1278
895|08/01/2018|812|812
896|08/01/2018|800|800
897|08/01/2018|1600|1600
898|08/01/2018|920|920
899|08/01/2018|1900|1900
900|08/01/2018|1700|1700
901|08/01/2018|1950|1950
902|08/01/2018|2222|2222
903|08/01/2018|2650|2650
904|08/01/2018|1700|1700
